numVariables Capacidad
 [beneficios]
 [pesos]
 Óptimo

# Problema 1
 5 51
 12 7 11 8 9
 24 13 23 15 16
 26

# Problema 2
 6 150
 56 59 80 64 75 17
 50 50 64 46 50 5 
 198

# Problema 3 
 7 107
 31 10 20 19 4 3 6
 70 20 39 37 7 5 10
 55

# Problema 4
 7 107
 31 10 20 19 4 3 6
 70 20 39 37 7 5 10
 55

# Problema 5
 8 900
 25 35 45 5 25 3 2 2
 350 400 450 20 70 8 5 5
 104

# Problema 6
 10 309
 23 31 29 44 53 38 63 85 89 82
 92 57 49 68 60 43 67 84 87 72
 309

# Problema 7
 15 1747
 70 73 77 80 82 87 90 94 98 106 110 113 115 118 120
 135 139 149 150 156 163 173 184 192 201 210 214 221 229 240
 916

# Problema 8
 24 6404180
 825594 1677009 1676628 1523970 943972 97426 69666 1296457 1679693 1902996 1844992 1049289 1252836 1319836 953277 2067538 675367 853655 1826027 65731 901489 577243 466257 369261
 382745 799601 909247 729069 467902 44328 34610 698150 823460 903959 853665 551830 610856 670702 488960 951111 323046 446298 931161 31385 496951 264724 224916 169684
 13549094